-5.81326148109943
-5.66795574326691
-5.33780319784993
6.06058629909235
-6.7083930730244
2.19898533831775
-10.6509676524239
-2.56408436484614
14.3414861862364
4.43430547290126
-0.350767806715551
1.77104550500097
0.5932386409001
-0.0702109077401878
-16.8928432061102
-7.22063406008867
-2.30473519617288
5.06570836662416
3.26293841221429
7.78021945505012
2.02530609118787
2.74407204914896
6.60440201389945
3.1157996766481
-2.54158193066605
1.74057562845742
-2.93780756866483
1.81193422194763
-4.71296363399022
1.21505531201013
0.69458010224834
7.20319221924942
1.51776677494602
-0.178169249565188
-3.77830514791664
-1.59582866764231
-3.66760291755352
3.28558025998961
-3.11516426178864
1.41572677815615
0.491642988007799
-1.27206284561758
1.3058910038258
5.7569359540724
6.52090872824862
-3.11104600134814
-6.76936013409329
5.70389186046535
6.2714049083922
-1.54394658231602
4.21338387147306
2.04936164829455
5.80095475437147
0.00843142897175748
0.518033092832961
-7.58075220938064
-5.02492104219469
3.38499590945305
6.10456902155532
-0.608925067894821
-2.6618435749902
0.810248959682424
-0.244971329539533
2.41220919706149
-0.256239430922076
-9.52710265125194
-5.80582702215928
2.43969828155801
6.75361576629644
10.5247375313039
-1.38076992472598
2.86589155769201
-0.251212156310581
-0.00673929103717505
-2.04410318771101
0.914587999243159
-4.63192523983109
1.26695599977779
-4.09142555617556
-0.549702136320847
6.02515757177668
-1.75250773475871
3.29499786233107
2.10543101468532
-7.66196025262129
0.147838421927804
-0.400228293611295
-3.72881507702994
1.6813610431965
8.54406951246971
-4.99668087549099
0.663881200560932
2.56758068733838
-3.49416828961529
-3.28186323877913
-6.61584658963527
0.388453977477368
6.77222455932292
-5.17996673641172
1.80485791914142
-1.00457987751314
-4.64673998905481
-6.47824082574505
-7.27006649635294
-3.02448790389424
4.41844199372463
-6.15089635369422
-0.368264247450225
5.98559816661999
1.6776388081853
-4.34852793856392
5.92052846521753
-4.16167920989681
-1.22032415352267
-3.9395213030732
0.712559385328257
1.92041150981197
1.60936336316349
0.592257903649474
7.96674319156214
3.37861121097801
-1.48668212661252
10.9214424543058
-8.31658550570594
-4.84434665210663
-6.16981670445271
2.03672515955174
3.20801510304043
4.42760417537376
4.35784081589463
15.5290102129974
6.89386699778601
-1.37043214382475
6.54314427330842
-1.66739822621247
5.66902372544123
-2.48732393966483
9.65843352649029
-1.37636875228724
-2.28473655465282
4.68835255589785
3.30896993745198
-5.93728432668694
9.1440674038841
-11.1972299055622
-1.925588052243
-0.24750371565315
6.10101789737694
10.1098686728165
4.00447689684487
2.27642592820043
6.64210140892804
0.125543319836793
-3.9812880331961
5.83257669444474
2.97292788042916
-2.89884141720402
5.56994974795542
1.58158256657851
-3.77602182717065
6.59341171177398
7.9805641274251
-3.89558233015272
-0.476946889719936
5.17968995305587
-0.261260771539016
-1.5034992503701
-9.53374954241591
-4.84440360501279
1.63095184090176
-1.2262635684613
7.41018038210883
-5.41173425919411
-0.61799494445357
3.66414402671483
-0.838684075325861
-6.36068711145733
6.97246922498606
3.36150691357684
-0.822400202483812
6.10543158340604
1.10766919251218
6.18185565311015
0.657063710931119
1.84353613769272
3.38336673671705
3.31410110443572
1.56146848184807
-3.68657747056994
1.32366792321357
-0.810056347328618
-7.00373604312923
1.38197148279413
-0.703033086072843
0.307116492115988
0.584189829379576
4.44788765228149
0.696611802836554
-0.792533524514824
2.63930162807548
-4.15451778005432
1.86931404333264
7.19620436219381
-4.28493367267127
2.88629086552046
-5.06213285801718
-10.3136417514189
-9.02538197681253
3.29747600771954
-3.31259102385241
11.047247675046
-6.10629101498472
3.33029082751709
-2.31734934940671
1.37200763578544
-10.1894760136976
3.2071063352096
2.21273565610469
-6.95709475628576
0.203777248499671
-4.92658435161174
3.1542075872157
4.14457340155526
-1.54458959688257
2.65118929307038
-2.58288285930888
2.17767351718959
-5.98572736821777
-3.11614096579433
3.4668581322024
-0.656204636885735
-4.3469453020338
-1.83224514573553
-1.9178598915815
5.17387205703504
2.61183558148267
-0.891379282841244
-1.88906126715973
7.02243615847056
-5.03441393616236
0.811242929473603
1.71486100065005
3.64835338903065
-10.3868593883915
7.19416193246248
-9.22357939955704
-1.51189357615992
6.99775130587443
-1.7751066431279
3.93126578099149
-8.1445372683999
-2.53378894053142
2.41707134447241
2.33875399086285
2.26577065330854
-7.19708818658554
3.54494438374156
3.65169089139155
-4.30027258813832
-6.28355889584504
0.104597716648423
-6.97800178262501
-6.80078490893865
-2.89886373753375
6.22501991760445
-2.67580894634449
-2.05014868427499
-10.5742732274907
0.051208030997681
5.35381009537287
0.0162395694083523
6.1044688155892
-2.39428778228248
-7.59844030938786
-2.30880890821316
2.23725864520484
-5.62094077081211
4.18489353388625
-13.482316855025
-1.55094913289197
5.28360580683676
5.51397275032938
1.4753520006269
5.23687726159242
3.62958207481065
15.131194545261
-0.759950256069273
6.53421977990558
1.77674276907662
-4.01329936271656
1.37147130427397
2.40992648272642
0.398501950453929
3.10775807625836
4.15131771910105
-1.91069357833321
-2.22342948116071
6.33744752320343
4.07766993876351
-8.28438320436383
0.0159708245480032
11.3817735932807
2.797808619084
-0.677387204003987
-6.02083265709111
-7.25171046191846
0.75284327749162
2.90931651798114
-0.163002272396084
-4.89296171488599
3.88015364922782
2.67161831084088
0.85358198619397
6.33931263352816
10.5551963643717
-6.28580860755066
-5.00566549288768
2.18466705383535
-8.51383540301872
2.07600431233042
7.34713609986438
2.12713291042135
-4.24895420041244
-1.13577845038054
-1.31092876561607
5.48115594381579
-2.35185820130162
-2.6888902761212
9.18085865762201
1.0944327317524
7.81802534150736
2.32404061236777
-9.16775255258827
11.9485323997089
-0.513452161366326
0.286368840120334
-1.50539647734054
-4.49226261214778
4.20114187613488
-2.82086546489205
-5.62169769786498
-6.87775281580621
-10.4402997494888
2.36206029327524
5.98976052285686
1.29448553734884
5.5660340170229
6.12064434379196
0.471618528983767
-4.14523366779668
4.83134722138088
-2.1181808022894
-2.12020936343778
3.14957158641772
0.867386748175954
9.27264561297154
7.27482618315442
-0.766851639608012
-1.17718274905677
1.68126783306966
3.09961459215566
-1.29654783079081
5.1840312574652
-5.22764672649276
-4.83743331188476
5.72875503103942
9.4363501758465
8.17245139384289
-6.78672149017475
-1.76235983488768
-3.46569245278478
-7.05664810584739
3.24429201559481
2.39076343847061
2.61867878730862
-2.38138985628173
3.31253264023851
0.453491959090921
7.84578638100067
-2.52249684382254
7.92768500119466
8.977863848292
2.96507272563987
-1.03686233009466
2.12433799757672
2.77235604624781
1.52239070225271
5.69365608243286
-2.84847423281445
4.64277278726627
3.18500050031689
0.954193613556186
-4.302534233757
-7.11432197206973
-0.0357360600049274
4.38118473278133
-3.17954784209589
0.469979242385575
2.28686758055361
7.74349783780978
-4.50290128403037
4.64017802100223
10.208136660273
-2.85586746368213
6.53827418578283
4.64098862434354
-2.8835634125686
7.52773020358183
-2.97930101322807
-0.565168776310158
16.9459411359819
3.65710483130572
-4.56574309043499
-1.60112010324664
-3.94547501017914
-1.52038143314487
5.07751639765663
10.0227255566551
-5.06412630867684
0.854076945746732
1.34471351895629
0.0834745940106172
-1.20419861097027
-1.77368699595097
-3.66432535993684
2.57998034750369
-8.97104823908363
5.90881320934738
-0.44019006368133
0.977012459541307
-10.0290637387335
0.619291048271524
1.60030332666899
-3.95995775234874
5.42019847237949
-10.7179002089097
5.05192153645717
-11.7539656526949
0.675415101568918
8.3916417902797
-4.35408760708579
2.20489589582535
4.80402895597185
-2.21264786316843
-6.38824840524191
-0.68977087821361
-5.78436707622877
-0.334009548047006
2.51271976958398
3.68489956511176
-5.22954330745875
6.33575350080771
-1.10938917433237
-1.13072531604478
-3.50311213963729
6.33513403688172
-8.10536296603541
2.68403268267407
2.77814378631007
-6.272356874107
-4.6046275968485
-2.00935410673662
-6.73778678651403
9.54804847353058
-4.98700386316297
1.82998240868393
-4.05460974707444
-3.62160757195178
-6.5484973750294
4.43244792249751
-3.90031207803299
-3.74278532454967
-1.10058645375236
-3.66059675872543
-2.39401915101448
2.7878569582281
-1.14724465922845
-2.94200225278554
-3.81050904494573
4.73552058067932
3.57490374385312
6.74020305629305
0.762979623526446
-0.62667648948682
-5.01186478794451
5.94469115154871
-3.3965059398906
-2.74205000603115
1.72513994422821
2.48079625846869
4.69568157647396
-0.898189160067448
0.596196522174583
3.80629398836118
6.41000265314679
-1.6525085962532
2.32910427957213
4.40656686579465
-7.27799807671212
1.08080329584363
0.304797849769437
1.98268922046357
7.16540612114757
-3.89464708122117
-0.889199083587759
0.64464898654591
1.72209494990828
-1.0893576180794
1.87931579357442
4.82186639415279
-1.50278074235316
-3.0821711024375
-3.60882504392893
-0.442118990111949
-7.57258908596074
2.36406250227412
2.81479438248562
-6.70846745745659
-3.5256173849267
1.19432992814165
-2.87812924981215
-1.24476600492396
0.149607535845913
9.11080069737594
3.59579191448753
9.46352767761536
-6.34563474362635
1.11372323171951
-1.32146717360279
1.44187106425428
-0.232677789104393
-2.76403897985986
-2.05782768547452
-6.06904612621442
-4.51049481772472
-7.22327628317843
-0.386340963514654
1.15614732657926
0.273722543487563
-0.0065981513922972
0.728453655610801
5.82842636217867
-2.24588160329157
6.80339498571946
3.14078192414001
-1.17833389956098
-7.18706246978335
1.84669885928758
0.622537644067878
-9.78023658993674
-0.0555957295844718
-5.24506013700929
-1.45655762597396
2.1505886090998
-15.9338586064163
-7.31357285559715
1.13233809363588
-2.20861026632048
-1.92766483213249
3.75108452507294
-5.63191281789513
-1.27228610120556
-4.72517804906211
-5.17653749565074
-4.73678315929679
-6.88818923257359
5.59311920605623
-2.84172069151426
-1.98821286008807
0.730376470532928
-2.28929139671583
2.25410644509016
-6.79866079300004
-4.44209013142254
-5.08741879266459
-3.80394165833587
-4.77471582178746
-2.04380002218196
2.51943953367906
5.98487435427234
-5.63643346848839
-2.6325022436547
-4.61821310782296
0.688715809780127
1.65404652305684
1.89879182939011
1.33654452859987
-2.28861963545239
-5.60204965749212
-2.37439533698744
-0.821237799904214
15.3968193315583
5.66195065793851
0.931509676426356
1.2141463328441
-1.05979326478432
-1.63569928331861
-5.25306351347482
5.43012583439981
-6.22486592386771
-5.01950173779077
3.35769564588933
-3.32283516947235
-0.529089165037905
7.26235059092851
0.808836020568593
1.72820067093019
-1.34546780250889
-5.74642759700266
-0.141291607452986
6.31391869410726
-1.3049956432836
2.81937821503787
-6.93215464901754
-4.47688599404865
5.2513984118578
5.09245339416431
-7.22155181983054
-3.4564276406826
-1.43785711417229
-9.01390002284399
9.97953720184099
4.10055154463813
1.13060623416415
-5.27203219483635
-2.39296502185557
-8.05698985439988
1.82206507040317
7.54208686648675
7.39968975324943
-5.19223623112847
4.418706865313
-6.21732945072054
-11.5230678765538
-8.03964463628636
4.80434227080727
-11.8340453296009
4.15361807329671
3.71283358376852
1.15476674108396
2.89178008659606
4.52424041251436
4.92888633689017
14.5773842833816
-6.64084290282886
-7.21936626581802
-2.7902087191683
-2.28721240606817
-0.228102845546679
0.343579094249875
-5.2546522024556
1.42110456553988
0.323352731955424
-1.80890706123969
-4.59157254988973
3.31667033190198
-6.45386210551693
1.01125810911596
7.62897382762063
3.50932304232063
0.777568041442092
0.308857325079239
-4.13924900763629
-1.78038523128843
-6.30503646759971
-3.48737670328775
9.68906141146487
1.07061014197783
3.41098584397113
-4.59460669021544
-3.8143976088412
-7.64308041466754
4.5502501521809
-13.301523434039
-0.439225184314169
7.20468854632048
-4.2487090590255
5.70630612587207
5.55888103162254
1.86014824962035
7.92715039353953
4.27124509824097
2.24474246611216
-9.14648853924163
-12.0382123444285
-4.33299162211621
-3.42606175582643
-0.0352569520002091
-7.28284995544331
3.092934463262
7.1893012038086
-0.642277634404795
1.06642389746719
-0.0540689806123615
-2.38827935926135
-9.53643761025919
-0.864348863616129
3.74763422279111
-7.93649519395393
-3.90019822474719
-0.86607879643595
-11.6935432938175
-0.522001864008916
0.710071279729589
-0.652165512022486
0.719294626068533
4.12095570130461
6.51075302521016
-4.15451847338504
-1.46977600942868
-1.51933142765332
-2.2271982314429
-1.60624023452633
-0.582942606266335
4.80029024049129
8.13264894458205
-3.96063627478295
7.04716263988624
-5.93244908679813
13.3430544392669
1.52825003743161
3.48793691539202
3.73237506636627
-7.641375039692
1.41495219224331
-1.28188062250554
9.91895423108281
-2.24680998407212
11.8807134121004
0.422033061042343
-1.48648951670297
1.51421435453841
0.345265960079225
-5.12924891983971
-2.03649728662545
-1.16684021059711
-9.30169142848279
-1.2434221897213
1.81232652163837
-6.23763549744606
-5.26805889236818
5.6643722871303
-6.50481420341106
-2.11927268387601
-4.2063703001851
-3.59976909587649
1.44188156241721
-9.22549413437584
-2.02087261812827
-3.64467750361402
3.16717556682633
1.52294563201048
5.38823461265795
-5.82366894961342
-3.76697305832294
9.93627835080965
-5.73539426099596
-2.19109330294974
4.16220003150936
5.68148024741247
-3.3561554329778
6.07908192515236
0.402454037640359
2.14142234492834
2.22554066755915
8.06670593404237
0.890636361047071
9.36811916632946
0.787559877067864
-0.110223761309014
7.01495835093803
-0.124024622928884
-2.17420421032859
3.50305937529047
0.516889784302279
0.406758706009346
5.6922236612128
-2.82060497448261
-2.46930259469588
5.26522834486745
4.28295591427968
-6.99912782989007
-1.44274389653891
1.57668018833011
-9.1696455696872
-7.48693393829081
-1.904845370534
1.05059605043368
0.0660160662050177
-0.528143861618464
4.13708703695081
-0.871084420685885
-2.51272970264002
5.39555854236764
-1.91443534809534
-3.46895671295566
-6.44404347972549
9.22960618403862
-6.28814873435978
-4.08165381906561
-2.42953938709657
4.88715078973434
6.31997166344928
-0.21812577834404
0.967984377979838
7.12082808783378
5.7035806197211
-14.7008939312225
-4.25566408660422
-2.05773833415258
-7.11257483556521
-9.53979313848558
-1.42783245649311
2.14117668768237
-7.56289873238039
-5.85900730373633
-2.41018188788746
-4.86746278682046
0.656378127777081
-1.42147977922648
11.8382143247573
3.83599841736619
-3.65530379616192
-0.312751342687051
3.51837439986839
1.48579226447519
-2.05671630832297
-0.527452092347514
3.2878196496663
-3.63885067382487
0.576724258014165
-6.73428165698102
1.30261000349288
-5.60666360136965
0.920738672226653
-0.883714456058927
-4.31703376740636
-0.16743894342806
4.38623804950829
2.18513653500006
-7.54502910565459
4.76766144975075
8.55473790285911
4.47288991006384
-0.597244415748491
3.63047599504484
0.293008587642285
5.60676345018959
8.54328888627807
4.52619725172512
1.19808393040002
5.23729046208672
6.78455438097832
-0.646071972734282
-4.93663607105633
6.48352407558532
5.02378143462191
9.04952293238324
-4.1225230275568
8.1862385742419
1.85830030028501
-1.73188157852926
2.78611374067347
5.34077297845701
1.3028672706986
3.5594274381535
12.3109186929377
6.52859292686791
11.5249056593836
0.259233979190339
6.4258723665704
-4.17987063521951
3.01711042614516
4.84067003102451
6.6697278349061
3.40899426373138
0.504305576553152
1.38308392375795
4.12209476576057
-6.34566318936752
-5.20430857096456
-1.9920987692177
4.89153486258071
-0.582425529414828
-0.674677069148072
4.74356686357032
8.00431194416992
-0.480805927399714
-1.082051081558
0.31801424273011
5.31440666375732
-3.1266639528795
-3.54108937137285
2.17914651090361
-2.17783008611496
-6.1671316664761
2.08836787468246
1.17245311096636
-5.60347768627345
-2.15972835037486
-4.60661759584521
-0.752734041093269
4.01779695842077
-0.578646302108763
0.87806193880559
6.30572572409194
-4.53925656610053
9.2867003187868
-6.94963766054307
-3.40979845165595
-5.34533183727132
-2.61583899638785
6.59706170066378
-4.4518498544032
-0.561579621955141
2.96944113292066
-5.8918649307311
-6.42055173843956
-2.68263422539078
4.45109571499717
7.45126543433889
4.05712275118048
5.05097503409347
-3.50336283659037
-4.88275695947438
-7.47231460035444
0.160160730462486
-7.89667157177197
1.94338877192147
-4.5707104246273
-6.70875075679983
0.681371525827574
-7.88221620640076
-6.30439238252863
3.48960859779317
-1.81298836014892
-9.47085011623277
0.126610900652741
-2.75090775051242
4.12022893127533
4.34283795186747
-4.19991183046563
-7.36134833458731
0.168109862685248
-2.02408854495243
7.8801880510947
9.24792395129687
3.52399512049476
0.0717290449942945
-3.55586273151702
4.02920163266824
-3.07669898479035
-0.790925104319321
-1.99613404411458
-3.46858771616503
8.69358051341141
4.11182919941367
-3.57643283382004
-1.27992100414258
1.58195761519532
2.80014962890582
1.07995102477985
-0.745556038122139
-2.34605474552734
0.455357726819923
0.327709297956599
6.92463126016477
3.48755516180778
4.71736357130656
0.320194025930572
-3.93146769782773
2.46117796090775
6.63877806078793
1.61135848667417
-9.44154242812006
5.13566654708803
-3.72683587302407
1.01215966419611
1.13257324991864
-4.73837741892919
-7.63348819894152
-0.849787861531834
-0.897437382077368
12.9301543044712
-1.2120448081169
4.84646233033721
0.711224636665352
1.85200865024532
8.22987860265327
-0.64497637453062
4.4179076499875
0.43551561652288
1.98368901700154
4.32498647785395
-0.0989518547050788
-3.10941196795629
0.720232891278875
-0.317012458621186
6.09961912974401
-6.74665905093766
-4.58189860298552
2.90039006180906
-2.01864410071039
5.36696086177734
3.18698968987901
-4.43734367596725
-2.38481468977568
-0.352621853895058
2.11223109860139
-4.0641453183312
-6.94387091654605
0.596798472584256
-2.56017088979379
-2.6749223165293
-0.131567291505605
2.0948796860632
3.14142206556696
8.78957272529222
-3.25353410635198
-3.59734717438886
-1.75087291924075
3.84534943952731
0.406762238473317
-3.48097940950411
0.193946127919288
6.38758024544581
-0.662296733890241
1.02272752909776
8.83672148552059
8.00351933220943
-0.576453327376464
-3.33373763552736
5.92035589529354
9.86186385350942
-4.21823195103294
2.22645942253893
-5.52878743376171
-2.58295396615135
1.64106731101226
-3.51651267169878
-5.92349438133176
0.465448522928349
-0.941669718491395
2.91766734936683
-9.65459410679286
1.88401801038934
-0.0548416583011061
5.65870956328502
0.885394227757159
-3.87763169670049
0.86468870425754
-0.660938218240286
-17.365096404242
7.05215211548021
-8.85582158344122
8.83358184034478
4.10250101528553
-1.42930922648564
-2.11019831302491
7.44295903101638
-1.11281706383111
-0.0953842810394659
3.9388507287596
2.83560128358846
-1.18299605562851
-8.67238406637332
-3.11677452927152
-4.16886199466847
-1.68016493504882
3.96089193816496
3.16097845636291
-3.36105906288946
5.45492325186832
-8.81083799211038
7.18113472741265
3.813076460156
-2.80540148281556
7.82819782953918
-5.65702707076745
2.13556963261427
-5.2961639233171
-2.847856443703
-0.696677860717813
-0.291386121345251
7.60781625160027
1.31762527722933
-0.397691291824007
-0.773790501828873
2.47518128320559
9.74892603755193
-0.298888922288733
-0.680631664095644
0.888838686224638
3.00058909962336
0.555290440768831
1.8099323486619
-0.0791600863415778
3.33922354457423
2.80564525173305
0.941051665981922
-6.47911440315245
5.13970157598849
-3.25994432926339
2.23349440903331
2.5650865207798
-12.4778640681245
6.51962968275024
-5.61360114406997
-1.94374812355751
-5.89448628008094
-7.55339810857602
9.73761151149797
1.17338309426908
-4.26040698457994
-0.0872646492402125
-0.338210171401629
8.31917831725125
-1.33453814866434
3.50319165233596
-2.83380816268762
-0.828827201800862
1.86751457526434
-2.57714910759355
1.46299890826744
-7.30523377953778
0.080458960489587
2.44383466184974
-2.84859169103582
-1.17499839382224
-7.8983046958668
-2.31118074465368
-1.69285543063871
-7.14682300389783
-0.219470872588134
-1.53240787120185
4.98285961705299
7.06835197851244
-2.91125038578682
5.99824876792359
6.79372827102851
4.9781906674823
4.80789872625866
0.688213075427354
14.1069189212381
0.626018005747373
-4.52081110965049
6.24484195603127
-2.75258776606724
12.7708321994298
-6.14577800982807
-0.291492228629762
2.69321848571061
-5.51563359156725
6.73074737825306
-2.91925786490027
3.51204675994563
-4.72085761873678
-3.69844681310447
-8.12482041891322
3.90918676236376
6.65517004809764
7.81470024907756
-3.04841243339105
0.566703268798129
1.76442222173984
7.38962632727016
-2.42837753476063
2.41957905583371
1.8077752032116
8.12538795530668
1.4032477977648
3.48330876036827
3.34771140981433
-1.1213513453644
7.82020395686387
0.433566182474945
-0.754454640117671
3.79535215456334
3.34861553624199
3.1335709518931
8.70921374786285
-6.93476619503755
5.57066616673412
-3.34025322993902
0.436550603866436
3.60360796747518
1.51610968733594
9.55325393013411
-2.62604999992409
-1.17818641401949
6.57558313437879
-8.15847542078952
-3.35079073577213
-2.5077920280922
9.59403702807166
0.623442523055334
-3.64513794479355
-2.44965515802717
-1.50119819662886
-0.71580914238854
-4.06017942954202
1.00986296706979
11.568920179668
0.286474666939285
-2.29269294639194
-4.20757186538656
-0.500074842018677
3.24703363412829
-11.4222984576805
12.6452799994531
-0.908967893891803
-0.545154432257827
-0.102100508349044
6.48905042219806
-2.73990215185516
2.82153848588802
3.23545191766212
-4.51667167634168
3.63870137874939
1.26180864912186
-5.90804644188549
0.445423934307644
4.26732620188426
-2.81139804838674
0.368809637193307
-5.97591316913573
-2.40499401993351
12.8829500897212
1.84170598822887
-2.67620243183713
4.726871085787
-4.87912805813601
-3.22207734748395
2.90093294879126
4.02362648538424
-2.08976223011474
0.957244899006559
-0.85653651225295
1.00211370028765
-8.6929256183539
-0.849684549312928
1.30698350532102
3.37749893503988
5.05496204810939
2.11165885253627
0.602860458834271
-4.26068812972005
-6.41604906648614
-2.66415407734423
-1.23763002679091
-0.485141005513042
-4.39572000547795
4.79584090559378
1.15799393519466
-4.47063054808933
-4.07036752115637
-8.13776284104425
-3.20201697134763
1.81538992606412
-3.96055810427842
0.523129317429741
0.321029392813543
-3.00800081950922
3.26815621340632
-3.77018769831079
0.606052917797048
1.60653791484408
9.84121087628732
1.85469880759946
1.50526407968757
-8.09428679513715
5.14157821538873
0.545798457787118
0.96863341160165
-0.286255213813295
2.87174535068815
1.48232239249704
-2.96780844705333
-1.25832026140335
5.356561441651
-2.58356758536214
-4.99397169044872
-4.98814631578713
3.6617768564842
5.06314595954318
-7.44328234369303
9.8595281396852
5.68902528682432
-2.27001498686262
-2.46118193049971
-2.328511631654
0.657970896471564
3.61987081871614
3.15960536389912
-3.26207735358744
3.98909526190552
10.3270679083789
-3.19745438427978
2.45433642957925
-7.45499673271042
6.4769415526745
4.25151399779883
-4.43315930256631
0.287240379921291
3.62249464497355
2.38333393519976
2.81209867067612
-1.67890677808197
2.20842578166829
-5.22480956093716
3.27245886705736
-2.69062197537887
3.27646772025559
-5.91887230595918
-7.63219503179067
2.91984525647227
0.462244740104108
-9.20748050847391
4.40650671029883
11.5861510386586
-6.59067885131663
0.673488052196816
-1.51064557217437
-5.38384199800199
-9.96033591181876
-2.89750044525415
-9.20662907304998
-2.95656979329024
-3.87547384273715
3.91649458563462
-1.88707692799954
-3.83131382531041
4.14210326170809
-1.40235920259349
-0.954055892150422
-4.00038885403577
4.59258424912831
6.56619225727953
5.73486605061796
-8.03330009981699
-3.53789109889118
6.52497213734999
1.20770033293799
-2.9564239706782
1.17453145058476
6.34543190974572
1.21476846632259
-5.67450314716781
1.83799699974375
-3.48571208054059
2.36136452983956
-0.419193395214829
-12.5760811057214
-4.27615339061188
-1.75542846606123
5.15835612869738
6.48595220309397
0.779784489271419
-7.28086826171247
-1.99060892119201
2.21736018129958
2.92052756241933
-12.4391390372809
-2.62863577000824
-3.31487041792302
-4.22005669493669
-0.655340408500272
-6.22867479031091
-5.14190319695958
-0.0291204006800678
-3.65258649575661
5.52144952099707
-3.23547080546337
-6.08216386122656
0.842836388513899
-7.74802904311562
-3.90936852723635
-6.38215282103146
0.494650329655297
1.22465397339044
-2.76506416313371
-7.02356112060811
0.627113902288346
3.66822313509141
-2.2135359226692
1.49012806646618
-0.536648563172848
-4.58551344049668
-1.74822546323503
10.3025336403522
-0.654192825732241
7.80139993682914
4.28125695432592
-0.926326823759095
-1.84282971873026
-3.38836057736783
-2.10211458765542
2.16109649081163
0.617442336957264
1.2679089967595
5.18583670804333
2.38032866018302
-1.48908481245763
6.9552142638895
-6.50851660438092
0.297088485431921
-5.34653459955922
-0.756645940191583
-1.22187864544458
2.62880461088057
4.17454024257865
-9.34918862261488
0.629080081965048
2.34464888648168
-7.78607102258799
-2.39353544163162
1.47371841568133
-6.28371582720784
-1.15676859411639
-4.35638775979018
2.16134838188233
0.795174667917646
-7.57493072704056
4.35486197855392
4.05901214843663
-5.29082129241732
2.09954569646322
8.09159323599845
-6.0131783719404
3.39091445048107
-3.10926768859617
1.40203863276153
-1.81761918963318
2.13745654318706
-2.77683276793557
4.86433547573452
3.04101428128623
1.99697089490851
-3.94536118391113
-2.20721423577602
-8.8755124714114
-11.9566058433287
-10.6852118149896
-1.11143804529179
0.485670495747544
4.86908791626638
-2.44380020209306
4.31181759465268
-1.35604455833143
4.38181253889037
-0.461077224831314
-3.01229061495828
-6.88288879735516
-4.1111611273841
5.13798070720776
-4.43155249388059
-2.24812780650991
0.904828470466598
-4.23850696243571
-7.08828688612819
-1.603439786957
-2.62022423753593
4.30232969848206
4.1582323199022
-4.08277007366685
-6.31296153331754
0.327805697147576
-4.19656108148232
-1.94295813960144
-0.00952555654929168
7.19690947786834
1.27749181285046
-4.0685049336161
-3.29854710141293
1.50559199485282
-1.8095147939562
-8.28861581327182
6.56537243852554
8.02676238617988
-2.81749717509266
4.58668153766414
7.17031312996659
1.19576032986367
-10.738760215023
2.96023746836623
-2.84297733609107
9.17479298313161
-1.10127872409209
10.816015682064
1.79702070571066
4.61396096204813
-0.715303605061538
-5.62156007684896
7.19789829080194
5.95351374167069
-1.91031385327761
4.47176683846955
2.69636871804205
-8.19590356987988
7.85322532627518
3.21830592124973
-3.08777923608847
-2.94679134329038
10.3244046049014
0.481648549664031
8.03830843277655
3.91520102656517
-1.04764819637087
-5.34082405836378
10.347314285874
-2.84826325314471
7.26938584536342
0.70671239442652
4.34005511803171
0.550847013207582
3.63453596202194
0.818211346038625
-3.69417755603891
-1.52471992488822
6.79598047426864
3.87569891859102
5.94311261265567
-1.43731313960056
10.7526355663901
-6.16189760535046
-3.17622346834427
10.1374343300979
5.25768026713918
3.87704584611174
6.12083663476965
2.62596088512171
-0.354594114439793
-0.799355584960018
2.30307706686694
-2.83967953993508
8.10064834246717
0.157147059170386
-1.9621756897781
6.75706652696717
2.70640946906928
0.770606775700419
11.6189897770996
-4.32211205180348
3.01155750724995
-0.889632833280535
-2.79518407647155
0.667589735273846
8.16890564035994
-4.58623914886557
4.48697080850239
-1.56642016658862
-2.18020686685854
-3.82654084236178
-1.8177755021864
-5.46552758279717
6.07650368607405
-0.0905122709586368
1.12363219046767
2.93994647841039
-6.2478768514621
14.198627836977
-6.06618366130249
4.86770724681774
-6.46122686113692
-7.3037889403406
1.75562571661466
-6.07290251309919
2.83206479502444
-0.978065690396692
1.74888758595507
3.31274691091522
4.6412603560575
6.79680726163158
-4.51993382831078
-5.11364333752953
0.0623513974353147
-6.64123543510456
3.35844346367308
-4.23882377547029
2.5717555855721
-1.28406318048315
3.24572145683887
-3.33054933892247
1.56549028577221
2.47428403854707
-3.85293422369946
-0.615049821929614
3.38061440898237
0.364782884638423
-1.21353602215819
3.77432582880167
-0.737954452745146
1.97367477280567
-4.93668832234294
-8.62884979144752
-3.5084761308758
-2.74809728360348
-3.8621890223804
-2.64353914489231
-4.63337486125008
-2.66433458761982
6.61250769448719
10.6863839990178
-3.45639240222519
0.706523096055712
-3.23600693981218
6.6755492224874
4.65127080088742
-2.94826383630378
-8.94654275442953
-14.3062449951793
-5.37233618896837
-2.52376186876517
-5.3614351285777
0.308855384279369
5.96093165934035
-2.03072462410687
1.85824491329036
-2.83100443758896
-3.52262484050473
-3.24223140074172
2.16733359216767
-4.19175012610566
3.65299278593488
2.36124986583117
1.69204658967885
3.29296898671473
-0.62356911657083
4.67648463233357
-9.4455601317984
6.74509399684622
-0.682088820343452
9.52297973460665
9.82397409001365
-1.76552889108378
11.566279585597
3.7665839311938
6.30705749785438
-0.0503733112964259
-3.45622635437696
9.94889167283072
1.15227713140625
-1.47306075747515
-3.5638106550005
1.42004694929599
-2.91629141548614
-3.8505932795324
0.244797674360265
-6.32995167604688
7.30582324070602
0.743568623069442
-4.27228925749375
2.3790173770592
5.9715103180466
-11.6975519971809
-7.99423356402709
2.46258553142339
4.32747814902751
2.5919431558294
0.490094839296126
-0.192172162810672
1.8507386429786
-12.4768493091001
-3.69696518617834
-2.06608538553998
-3.00097896449596
-5.22333836554545
-8.98952654509203
2.8870111247279
2.82144622532975
8.31630623555845
-6.8676600576923
-2.62122516456975
1.00458021182329
-4.34476646599479
5.12776438682883
-1.91341284687173
-0.816275659498844
2.81133350613967
7.19163283312356
-7.33033600329686
3.31845967817042
4.1804004644872
-0.337087809303548
-0.597888282353153
-7.85975746289712
0.485958529744174
-1.4113096959418
-0.606819519018502
5.283073537109
3.91779844003755
-5.77839384335678
-7.48772842489418
7.66915815030411
-5.86951566670197
-9.42227533791271
0.43160196592182
0.892581370377131
-2.16370468506451
8.54884590290032
4.23617944562993
0.992837915042054
-2.94667367995651
-4.67218178797323
-2.98171539954122
0.0673719912535023
-1.03952728980519
-7.88627452286991
1.55328641403416
8.47385216175514
3.70946070540526
-1.69633118070819
4.82162468246994
13.0126168959591
-1.97425527543263
3.37434236982182
5.43264859152047
1.39370320220415
7.23504247307046
-1.27584922137738
-5.2244220272694
0.17190613566938
6.04124274675903
-4.56378696629265
2.89098150593216
-5.18015543913778
-1.48942099048473
5.08096272453238
-4.23431021249342
1.15705824036721
-8.69970931403962
-0.931907059598804
3.50419594094041
5.03125546381916
1.99453971394179
2.58495043934936
-2.96140422243553
-6.78531200623329
8.77442425117871
0.987315412286117
4.11612929336837
-6.61210551234142
4.32910624680298
-4.75004523620083
8.61834387424856
3.66004127945766
0.568597348810793
-3.55392927423457
-1.95017027591489
-6.13144257951648
-1.02944312234205
4.73491032431375
0.578943042057376
7.4125297465538
7.86350392281898
-3.12761724355872
-2.44728364872943
-6.15963681220495
3.32746143539853
-4.14804642698335
0.31766522574152
6.96192500450062
-4.87795675158599
1.52409308753336
1.22530329163787
-1.59942202040605
-3.26309903148653
-3.65957955414554
2.19820748168367
-0.477755003868274
-0.283058545770352
-0.300752394434491
-4.4081242024522
5.68503469736147
-2.25582826971154
-6.0799498956904
-5.76885848124208
-3.88772530589321
4.28506554931615
7.44532680137511
-3.40372877883726
-0.738319353089358
4.25488306704489
-4.48224205619519
5.85389516268351
0.896668054642844
0.618732783877655
1.94793020742214
-7.15180926923757
-0.273520136592117
0.0295149814403836
7.93966677769287
1.58820799110896
-2.18863375504084
-2.02832184810583
4.21888499295921
-4.38207438073341
-3.55936654710419
-0.0510657451496376
-3.6770902120328
4.50117341980934
8.97146756775788
-6.58724434000791
-1.60225595091199
0.37978273410842
-1.39354781982789
0.788220530815435
-6.48127725315686
-12.4900473651711
7.99027710250817
-3.89368071593061
10.8220568636186
3.4467932596628
-0.0580922942560924
2.67510057515542
-2.08509525975927
0.768664860538966
-2.10901696208925
5.21723463191025
0.462518400329048
5.35755839807559
-0.807040407960115
4.77621586832961
1.8370606358748
8.07010816829286
-0.345016644669216
7.13611340962959
-2.55381046187392
1.90440972182176
8.79472815359374
-0.421784843051753
2.31679303062865
4.89028394066192
1.72773153080827
-0.385214476373034
3.84447210257948
7.87810046387282
-2.11642414884434
-3.46430146309792
3.8526152496313
-5.54572977169584
5.46243073640506
-6.53361472548748
0.556152285040525
8.55203517123982
-3.33349309901422
-5.87363471985738
2.91553806178103
-2.28955414384488
-4.28318012976035
-2.77673883201531
0.157015239011516
-0.987467206350352
-1.62096196966429
2.98319290942603
6.46908669697609
-6.93181641766768
-1.76752765380392
-1.0720547561968
-5.41688028525937
4.68040707708291
-2.1988523642398
8.45765487217322
3.76101183227433
-8.13792170254706
3.58350645068245
5.99431424793147
-3.97094212588276
-4.09610878584905
-1.59228447987515
3.70229085101605
-8.78620558662155
-5.32752442980132
0.0718160472090502
8.51712027222868
3.29887566997122
1.58437884929046
-1.03753458634669
-1.99706622116552
-8.21453685993771
-0.795647616727301
1.42561011418423
6.51938359091206
-4.58100507365542
-0.742874545044665
-6.79526173971679
2.61049867003502
-4.82797882783412
0.903873212886449
-1.92835255490331
3.15596900510811
0.456746557631748
0.633528975828868
0.672303137894039
1.09447673445256
-1.06369374535665
5.50243752559729
-6.6242054878219
-1.476105022163
-0.901133525519273
0.567639842335753
-5.83053903141732
-1.57220142710864
-0.445801055499089
-2.21039984613533
7.55561737813628
-4.29653096691509
-5.59863815930348
-2.69818809600433
-4.92401052448151
3.24837823216405
-7.49855832596757
-8.96472028380272
-6.30589938921423
5.61746168055063
-4.03199603070974
-9.76368399666822
10.8332514648892
-1.01298300214061
-0.963704439513433
-2.19163038668048
-7.39884835485005
3.02267942088803
-0.0931446966953506
0.0740773055407118
4.55179156384211
2.24837789817297
5.90220571879078
-4.19908914424913
-2.862950032738
-4.79731771482608
0.346805909106783
-8.49455596652317
-12.6922967121653
7.68336830049431
-2.41956917098624
0.991120968945549
6.6841295815961
0.313269447337986
-0.612712530075315
-5.05560242782484
4.56468021758788
1.48657959679646
0.066707012303173
2.87559066472918
6.29323613791332
-0.93612530488323
-5.35284541790201
-1.78418354807891
-6.75904329449637
6.97595950687634
-0.454325263194602
-0.882561488438966
6.54852061738334
16.1098355154274
-9.07876134381466
-1.4862433776058
0.985166646674429
0.889016105753146
-7.50249991355785
0.573101651930487
0.339726109388637
0.363170864894283
12.2979710453146
0.747583194280404
-4.66613677736873
3.74556814232623
-0.308766697888922
4.4180590510654
-7.21105097052895
2.8773815519162
-8.83453760459476
-0.288494734215554
-4.54231795071498
-4.57323491848875
2.89698336084773
-0.172368754067257
2.19138058131285
0.450725348940373
5.32875336197878
9.95691414744206
-4.85075581374307
1.4582132393197
-8.63960236301262
6.01147287348692
3.05224651812137
-1.67407414179197
3.79955384471895
-4.7930648725028
-7.60521470735839
6.00600121737064
3.42010952310224
4.20383228629933
3.36670727952123
0.726778105313698
-6.1650498560408
-12.7312090698147
-3.04690779259904
4.81311977419354
3.1333425806422
